
000000000000000000000000000011000000000000000000000000000000000000000000000000000000001100000000
000000000011100000000000000100100000000110000000000000000000000000000000000000000000010010000000
000000000000000000000000000101000000000110000000000000001000000000000000000000000000010100000000
000000001000001000111000000010000000000000000000000000001000000000000000000000000000001000000000
000000001000001000000000000000000000000000001100000000001000000000000000000000000000000000000000
000000001000001000100100000000000000000000001100000000000000000000000000000000000000000000000000
000000000000000000011100000000000000000000000000000000000000000110000000000000000000000000000000
000000000011100010000000000000000000000000000000000000000000000101000000000000000000000000000000
000000000000000101110000000000000000000000000000000000000000000010000000000000000100000000000000
000000000000000000001000000000000000000000000000000000000000000000000000000000000100000000000000
000000000000000000000100000000000000000000000000000000000000000000000000000000000100000000000000
000000000000000010001000000000000000000000000000000000000000000000000000000000100000000001110000
000000100000000001110000000000000000000000000000000000000000000000000000011101010000000001110000
000000110000000000000000000000000000000000000110000000000000000000000000000000000000000110001100
000000000000000000000000000000000000000000000110000000000000000000000000000000000000010011100100
001000010000000000001110000000000000000000000000000000000000000000000000000000000000000000100100
000101100000000000000000000000000000000000000000000000000000000000000000000000000000000000111000
000001100000000000000000000000000000000000000000000000000000000000000000000000000000101000000000
000000000000000000000000000000000000001100000000000000000000000000000000000000000000010000000000
000000000000000000000000000000000000110001100000000000000000000000000000000000000000000000000000
000000000000000000000000000000000000110100100000000000000000000000000000000000000000000000000000
000000000000000000000000000000000000000010100000000000000000000000000100000000000000000000000000
000000000000100000000000000000000001110011000000000000000000000000001010000000000000000000000000
000000000000100000000000000000000110000000000000000000000000000000001100000000000000000000000000
000000000000100000000000000000000110100000000000000000000000000000000000000000000000110000000000
000000000000000000000000000000000000100000000000000000000000000000000000000000011000110000000000
000000001110000000000000000000000011000000000000000000000000000000000000000000011000110000000000
000000000000000000000000000000000010000000000000000000000000000000000000000000000000000000000000
000000000000000000010000000000000000000000000000000000000000000000000000000000000000000000000000
000000000000000000010000000000000000000000000000000000000000000000000000000000000000000000000000
000110000000000000010000000000001100000000000000000000000000000000000000011100000000000000000000
000110000000000000000000000000001100000000000000000000000000000000000000000000000000000000000000
000000000000000000000000000000000000000000000000000000000000000000000000000000000000000000000000
000000000000000000000000000000000000000000000000000000000000000000000000000000000000000000000000
000000000000000000011000000000000000000000000000000000000000000000000000000000000000000000000000
000000000000000000011000000000000000000000000000000000000000000000000000000000000000000000000000
000000000000000000000000000000000000000000000000000000000000000001000000000000000000000000000000
000000000000000000000010000000000000000000000000000000000000000011100000000000000000000000000000
000000000000000000000101000000000000000000000000000000000000000000010111000000000000000000000000
000000001100000000001010000000000000000110000000000000000000000001110000000000000000000000000000
000000010010000000000100000000000000000110000000000000000000000000000000000000000000001000000000
000000001100000000000000000000000000000000000000000000000000000000000000100000000000001100000000
000000000000000000000000000000000000000000000000000000000000000000000011110000000000001110000000
000000000000000000000000000000000000000000000011000000000001110000000010011000000000101100000000
000000000000010000000000000000000000000100001001000000000000000000000011000000000000111000000000
000000000000101000000000000000000000000110010001000000000000000000000000000000000000010000000000
000000000001001000000000000000000000000000001010000000000000000000000000000001100000000000000000
000000000001000000000000000000000000000000000100000000000000000000000000011100100000000000000000
000000000001000100000000000000000000000000000000000000001000000000000000001111000000000000000000
000000000000000100000000000000000000000000000000000000010100000000000000000100000000000000000000
000000000000110100000000000000000000000000000000000000010100000000000000000000000000000000000000
000000000000001001000000000000000000000000000000000000001000000000000000000000000000000000000000
000000000000000110000000000000000000000000000000000000000000000000000000000000000000000000000000
000000000000000011000000000000000000000000000000000000000000000000000000000000000000000000000000
